#position: [x, y, z]...meter value
#orientation: [roll, pitch, yaw (radian)] or [x, y, z, w (quaternion)]
block_printer:
  shift_grid_ratio: 0.2
  pad0:
    size: {x: 20,y: 20}
    place0:
      block: {size_x: 1,size_y: 1}
      x_min_y_min: [0.172381,0.0160191,0.197655]
      x_max_y_min: [0.248445,0.0146285,0.196979]
      x_min_y_max: [0.173951,0.0920523,0.197846]
      x_max_y_max: [0.249791,0.0905405,0.197042]
      orientation: [-5.21254e-5,3.00661e-5,-0.705456,0.708754]
    place1:
      block: {size_x: 2,size_y: 1}
      x_min_y_min: [0.176262,0.0159291,0.197908]
      x_max_y_min: [0.247853,0.0140594,0.197261]
      x_min_y_max: [0.177696,0.0918756,0.197882]
      x_max_y_max: [0.2496,0.0905533,0.197454]
      orientation: [-0.0088309,0.00161723,-0.705056,0.709095]
    place2:
      block: {size_x: 1,size_y: 2}
      x_min_y_min: [0.17431,0.018689,0.197575]
      x_max_y_min: [0.250032,0.0173164,0.197126]
      x_min_y_max: [0.175815,0.0912614,0.197526]
      x_max_y_max: [0.251367,0.0891978,0.196994]
      orientation: [-7.15205e-5,3.55507e-5,-0.0127567,0.999919]
    place3:
      block: {size_x: 2,size_y: 2}
      x_min_y_min: [0.176162,0.0177101,0.197405]
      x_max_y_min: [0.248253,0.0162407,0.197105]
      x_min_y_max: [0.177548,0.0898897,0.197258]
      x_max_y_max: [0.249592,0.0886564,0.197215]
      orientation: [-5.00587e-5,3.09631e-5,-0.707288,0.706925]
